Example rect
   0.007   0.00000
    21    28    4    1    0    3    0    0    1  100   10
    0
    1        0.00000        0.00000        0.00000
    2       33.33333        0.00000        0.00000
    3       25.58224       25.59032        0.00000
    4       49.98697       20.23303        0.00000
    5       49.98578       49.99315        0.00000
    6       74.39750       25.59144        0.00000
    7       66.66667        0.00000        0.00000
    8      100.00000        0.00000        0.00000
    9      100.00000       33.33333        0.00000
   10       79.75516       49.99599        0.00000
   11       74.39903       74.40153        0.00000
   12      100.00000       66.66667        0.00000
   13      100.00000      100.00000        0.00000
   14       66.66667      100.00000        0.00000
   15       49.99350       79.75879        0.00000
   16       25.58942       74.40221        0.00000
   17       33.33333      100.00000        0.00000
   18        0.00000      100.00000        0.00000
   19        0.00000       66.66667        0.00000
   20       20.23149       49.99714        0.00000
   21        0.00000       33.33333        0.00000
    1    1    2    3    1    33.33333333    26.73843167    36.18445868
    2    3    2    4    1    26.73843167    26.20532944    24.98582564
    3    3    4    5    1    24.98582564    29.76011501    34.51131966
    4    5    4    6    1    29.76011501    24.99172432    34.51630514
    5    6    4    7    1    24.99172432    26.22189826    26.73364072
    6    7    4    2    1    26.22189826    26.20532944    33.33333333
    7    6    7    8    1    26.73364072    33.33333333    36.19958624
    8    8    9    6    1    33.33333333    26.74743208    36.19958624
    9    6    9   10    1    26.74743208    26.22017934    24.98573274
   10    6   10    5    1    24.98573274    29.76938209    34.51630514
   11    5   10   11    1    29.76938209    24.98636512    34.52210853
   12   11   10   12    1    24.98636512    26.22527067    26.74393167
   13   12   10    9    1    26.22527067    26.22017934    33.33333333
   14   11   12   13    1    26.74393167    33.33333333    36.20347004
   15   13   14   11    1    33.33333333    26.74081042    36.20347004
   16   11   14   15    1    26.74081042    26.22405681    24.98659829
   17   11   15    5    1    24.98659829    29.76564079    34.52210853
   18    5   15   16    1    29.76564079    24.98503711    34.51064727
   19   16   15   17    1    24.98503711    26.21579168    26.74350347
   20   17   15   14    1    26.21579168    26.22405681    33.33333333
   21   16   17   18    1    26.74350347    33.33333333    36.19482081
   22   18   19   16    1    33.33333333    26.73306875    36.19482081
   23   16   19   20    1    26.73306875    26.21423903    24.98630021
   24   16   20    5    1    24.98630021    29.75429239    34.51064727
   25    5   20    3    1    29.75429239    24.98646424    34.51131966
   26    3   20   21    1    24.98646424    26.21059603    26.72835864
   27   21   20   19    1    26.21059603    26.21423903    33.33333333
   28    3   21    1    1    26.72835864    33.33333333    36.18445868
    1    1 2.00000e-01 2.40000e+05 1.00000e+01 0.00000e+00 7.68000e+03
    1    1    1    1
    8    1    1    1
   13    1    1    1
   18    1    1    1
    3        0.00000        0.00000    100.00000
    4        0.00000        0.00000    100.00000
    6        0.00000        0.00000    100.00000
   10        0.00000        0.00000    100.00000
   11        0.00000        0.00000    100.00000
   15        0.00000        0.00000    100.00000
   16        0.00000        0.00000    100.00000
   20        0.00000        0.00000    100.00000
    5        0.00000        0.00000    900.00000
  500        0.00000        0.00000      0.00000
